96,4
96,1
96,3
106,35
3,2
3,1
3,3
10,90
10,78
10,94
10,186
10,70
10,82
10,188
11,4
11,24
97,5
97,4
97,3
97,1
60,3
60,2
60,1
60,0
12,3
12,2
12,1
11,29
11,28
11,27
11,25
11,23
11,22
11,21
11,20
11,18
11,17
11,16
11,15
20,2
11,10
20,1
20,3
11,9
11,7
11,5
11,3
11,2
11,1
10,308
19,2
10,299
19,1
19,3
10,289
10,250
10,235
10,232
10,223
10,222
10,216
10,209
10,205
10,204
10,200
10,199
10,181
10,154
18,1
10,116
18,3
10,114
10,105
10,104
10,102
10,96
10,83
10,77
10,72
10,69
2,2
10,68
2,1
2,3
10,65
10,33
10,24
10,3
10,2
10,1
9,7
9,6
9,5
9,4
9,3
9,2
9,1
